1	命运之书	1	1	1
2	金创药(小量)	1	1	1
2	魔法药(小量)	1	1	1
2	金创药(中量)	1	1	1
2	魔法药(中量)	1	1	1
2	强效金创药	1	1	1
2	强效魔法药	1	1	1
2	神水	1	1	1
2	鹿血	1	1	1
2	鹿茸	1	1	1
2	太阳水	1	1	1
2	疗伤药	1	1	1
2	特殊药水	1	1	1
2	万年雪霜	1	1	1
2	强效太阳水	1	1	1
2	干肉	1	1	1
2	修复神水	1	1	1
1	记路标石	1	1	1
2	随机传送石	1	1	1
2	强化召唤卷	1	1	1
1	聚灵珠(小)	1	1	1
1	聚灵珠(大)	1	1	1
1	斗笠	1	1	1
2	比奇传送石	1	1	1
2	盟重传送石	1	1	1
1	彩票	1	1	1
1	祝福油	1	1	1
1	战神油	1	1	1
1	修复油	1	1	1
1	回城卷	1	1	1
1	行会回城卷	1	1	1
1	随机传送卷	1	1	1
1	地牢逃脱卷	1	1	1
1	攻击神水	1	1	1
1	魔力神水	1	1	1
1	精神神水	1	1	1
1	极速神水	1	1	1
1	体力强效神水	1	1	1
1	魔力强效神水	1	1	1
1	火球术	1	1	1
1	治愈术	1	1	1
1	基本剑术	1	1	1
1	精神力战法	1	1	1
1	抗拒火环	1	1	1
1	诱惑之光	1	1	1
1	施毒术	1	1	1
1	地狱火	1	1	1
1	雷电术	1	1	1
1	灵魂火符	1	1	1
1	大火球	1	1	1
1	攻杀剑术	1	1	1
1	召唤骷髅	1	1	1
1	瞬息移动	1	1	1
1	隐身术	1	1	1
1	集体隐身术	1	1	1
1	爆裂火焰	1	1	1
1	幽灵盾	1	1	1
1	火墙	1	1	1
1	刺杀剑术	1	1	1
1	神圣战甲术	1	1	1
1	疾光电影	1	1	1
1	心灵启示	1	1	1
1	困魔咒	1	1	1
1	半月弯刀	1	1	1
1	野蛮冲撞	1	1	1
1	地狱雷光	1	1	1
1	魔法盾	1	1	1
1	圣言术	1	1	1
1	群体治疗术	1	1	1
1	烈火剑法	1	1	1
1	召唤神兽	1	1	1
1	冰咆哮	1	1	1
4	木剑	1	1	1
4	匕首	1	1	1
4	青铜剑	1	1	1
4	乌木剑	1	1	1
4	铁剑	1	1	1
4	短剑	1	1	1
4	鹤嘴锄	1	1	1
4	青铜斧	1	1	1
4	八荒	1	1	1
4	半月	1	1	1
4	海魂	1	1	1
4	罗刹	1	1	1
4	凌风	1	1	1
4	破魂	1	1	1
4	祈祷之刃	1	1	1
4	斩马刀	1	1	1
4	偃月	1	1	1
4	降魔	1	1	1
4	修罗	1	1	1
4	凝霜	1	1	1
4	炼狱	1	1	1
4	魔杖	1	1	1
4	银蛇	1	1	1
4	井中月	1	1	1
4	无极棍	1	1	1
4	血饮	1	1	1
4	裁决之杖	1	1	1
4	命运之刃	1	1	1
4	屠龙	1	1	1
4	龙纹剑	1	1	1
4	嗜魂法杖	1	1	1
4	骨玉权杖	1	1	1
4	赤血魔剑	1	1	1
4	龙牙	1	1	1
4	怒斩	1	1	1
4	逍遥扇	1	1	1
4	霸者之刃	1	1	1
1	千里传音(大)	1	1	1
1	千里传音	1	1	1
3	布衣(男)	1	1	1
3	布衣(女)	1	1	1
3	轻型盔甲(男)	1	1	1
3	轻型盔甲(女)	1	1	1
3	中型盔甲(男)	1	1	1
3	中型盔甲(女)	1	1	1
3	重盔甲(男)	1	1	1
3	重盔甲(女)	1	1	1
3	魔法长袍(男)	1	1	1
3	魔法长袍(女)	1	1	1
3	灵魂战衣(男)	1	1	1
3	灵魂战衣(女)	1	1	1
3	战神盔甲(男)	1	1	1
3	战神盔甲(女)	1	1	1
3	恶魔长袍(女)	1	1	1
3	恶魔长袍(男)	1	1	1
3	幽灵战衣(女)	1	1	1
3	幽灵战衣(男)	1	1	1
3	天魔神甲	1	1	1
3	圣战宝甲	1	1	1
3	法神披风	1	1	1
3	霓裳羽衣	1	1	1
3	天尊道袍	1	1	1
3	天师长袍	1	1	1
5	青铜头盔	1	1	1
5	骷髅头盔	1	1	1
5	魔法头盔	1	1	1
5	道士头盔	1	1	1
5	祈福项链	1	1	1
5	探测项链	1	1	1
5	金项链	1	1	1
5	传统项链	1	1	1
5	白金项链	1	1	1
5	白色虎齿项链	1	1	1
5	躲避手链	1	1	1
5	黑檀项链	1	1	1
5	黄色水晶项链	1	1	1
5	黑色水晶项链	1	1	1
5	技巧项链	1	1	1
5	魔鬼项链	1	1	1
5	琥珀项链	1	1	1
5	凤凰明珠	1	1	1
5	灯笼项链	1	1	1
5	蓝翡翠项链	1	1	1
5	竹笛	1	1	1
5	放大镜	1	1	1
5	铁手镯	1	1	1
5	小手镯	1	1	1
5	银手镯	1	1	1
5	皮制手套	1	1	1
5	钢手镯	1	1	1
5	大手镯	1	1	1
5	夏普儿手镯	1	1	1
5	坚固手套	1	1	1
5	魔法手镯	1	1	1
5	道士手镯	1	1	1
5	黑檀手镯	1	1	1
5	避邪手镯	1	1	1
5	魔力手镯	1	1	1
5	死神手套	1	1	1
5	金手镯	1	1	1
5	求婚戒指	1	1	1
5	古铜戒指	1	1	1
5	六角戒指	1	1	1
5	玻璃戒指	1	1	1
5	牛角戒指	1	1	1
5	生铁戒指	1	1	1
5	隐身戒指	1	1	1
5	传送戒指	1	1	1
5	麻痹戒指	1	1	1
5	复活戒指	1	1	1
5	火焰戒指	1	1	1
5	防御戒指	1	1	1
5	护身戒指	1	1	1
5	超负载戒指	1	1	1
5	蓝色水晶戒指	1	1	1
5	黑色水晶戒指	1	1	1
5	蛇眼戒指	1	1	1
5	珍珠戒指	1	1	1
5	金戒指	1	1	1
5	魅力戒指	1	1	1
5	道德戒指	1	1	1
5	降妖除魔戒指	1	1	1
5	珊瑚戒指	1	1	1
5	骷髅戒指	1	1	1
2	灰色药粉(少量)	1	1	1
2	黄色药粉(少量)	1	1	1
2	灰色药粉(中量)	1	1	1
2	黄色药粉(中量)	1	1	1
2	黄色药粉(大量)	1	1	1
2	灰色药粉(大量)	1	1	1
2	护身符	1	1	1
2	护身符(大)	1	1	1
2	超级灰色药粉	1	1	1
2	超级黄色药粉	1	1	1
2	超级护身符	1	1	1
7	蜡烛	1	1	1
7	火把	1	1	1
7	火炬	1	1	1
5	精灵头盔	1	1	1
7	荣誉勋章11号	1	1	1
7	荣誉勋章12号	1	1	1
7	荣誉勋章13号	1	1	1
7	荣誉勋章14号	1	1	1
7	荣誉勋章15号	1	1	1
7	荣誉勋章21号	1	1	1
7	荣誉勋章22号	1	1	1
7	荣誉勋章23号	1	1	1
7	荣誉勋章24号	1	1	1
7	荣誉勋章25号	1	1	1
7	荣誉勋章31号	1	1	1
7	荣誉勋章32号	1	1	1
7	荣誉勋章33号	1	1	1
7	荣誉勋章34号	1	1	1
7	荣誉勋章35号	1	1	1
7	荣誉勋章41号	1	1	1
7	荣誉勋章42号	1	1	1
7	荣誉勋章43号	1	1	1
7	荣誉勋章44号	1	1	1
7	荣誉勋章45号	1	1	1
1	筹码包	1	1	1
1	回城卷包	1	1	1
1	地牢逃脱卷包	1	1	1
1	随机传送卷包	1	1	1
1	行会回城卷包	1	1	1
1	金创药(小)包	1	1	1
1	魔法药(小)包	1	1	1
1	金创药(中)包	1	1	1
1	魔法药(中)包	1	1	1
1	超级金创药	1	1	1
1	超级魔法药	1	1	1
1	庆典蛋糕	1	1	1
1	金条	1	1	1
1	金砖	1	1	1
1	金盒	1	1	1
1	反璞归真	1	1	1
1	个性发型	1	1	1
1	双倍卷轴	1	1	1
1	双倍宝典(小)	1	1	1
1	双倍宝典(中)	1	1	1
1	双倍宝典(大)	1	1	1
2	一心一意	1	1	1
2	心心相印	1	1	1
2	飞火流星	1	1	1
2	浪漫星雨	1	1	1
2	绮梦幻想	1	1	1
2	长空火舞	1	1	1
2	如雾似梦	1	1	1
1	一心一意包	1	1	1
1	心心相印包	1	1	1
1	飞火流星包	1	1	1
1	浪漫星雨包	1	1	1
1	绮梦幻想包	1	1	1
1	长空火舞包	1	1	1
1	如雾似梦包	1	1	1
1	肉	1	1	1
1	鸡肉	1	1	1
1	血剑碎片	1	1	1
1	蛆卵	1	1	1
1	薄荷叶	1	1	1
1	食人树叶	1	1	1
1	毒蜘蛛牙齿	1	1	1
1	蝎子尾巴	1	1	1
1	食人树果实	1	1	1
1	铜矿	1	1	1
1	铁矿	1	1	1
1	银矿	1	1	1
1	金矿	1	1	1
1	黑铁矿石	1	1	1
1	绿宝石矿	1	1	1
1	紫水晶矿	1	1	1
1	沃玛号角	1	1	1
1	祖玛头像	1	1	1
1	玉水晶	1	1	1
1	红蛇果	1	1	1
1	勋章之心	1	1	1
1	骰子	1	1	1
1	木料	1	1	1
1	佛牌	1	1	1
1	筹码	1	1	1
1	幻境凭证	1	1	1
1	赤月恶魔油	1	1	1
1	药剂师的信	1	1	1
5	狂风戒指	1	1	1
5	狂风项链	1	1	1
5	神秘头盔	1	1	1
5	神秘戒指	1	1	1
5	神秘腰带	1	1	1
5	祈祷头盔	1	1	1
5	祈祷项链	1	1	1
5	祈祷手镯	1	1	1
5	祈祷戒指	1	1	1
5	记忆头盔	1	1	1
5	记忆项链	1	1	1
5	记忆手镯	1	1	1
5	记忆戒指	1	1	1
5	幽灵项链	1	1	1
5	幽灵手套	1	1	1
5	龙之戒指	1	1	1
5	生命项链	1	1	1
5	思贝儿手镯	1	1	1
5	红宝石戒指	1	1	1
5	天珠项链	1	1	1
5	心灵手镯	1	1	1
5	铂金戒指	1	1	1
5	黑铁头盔	1	1	1
5	绿色项链	1	1	1
5	骑士手镯	1	1	1
5	阎罗手套	1	1	1
5	力量戒指	1	1	1
5	恶魔铃铛	1	1	1
5	龙之手镯	1	1	1
5	紫碧螺	1	1	1
5	灵魂项链	1	1	1
5	三眼手镯	1	1	1
5	泰坦戒指	1	1	1
5	魔血项链	1	1	1
5	魔血手镯	1	1	1
5	魔血戒指	1	1	1
5	虹魔项链	1	1	1
5	虹魔手镯	1	1	1
5	虹魔戒指	1	1	1
5	圣战头盔	1	1	1
5	圣战项链	1	1	1
5	圣战手镯	1	1	1
5	圣战戒指	1	1	1
5	法神头盔	1	1	1
5	法神项链	1	1	1
5	法神手镯	1	1	1
5	法神戒指	1	1	1
5	天尊头盔	1	1	1
5	天尊项链	1	1	1
5	天尊手镯	1	1	1
5	天尊戒指	1	1	1
1	金币	1	1	1
