0 101
3 106
new04 010768
new03 010767
new02 010766
new01 010765
000000 010721
000001 010722
000002 010723
000003 010724
000004 010725
000005 010726
000006 010727
000007 010728
000008 010729
000009 010730
000010 010731
000011 010732
000012 010733
000013 010734
000014 010735
000015 010736
000016 010737
000017 010738
000018 010739
000019 010740
000020 010741
000021 010742
000022 010743
000023 010744
000024 010745
000025 010746
000026 010747
000027 010748
000028 010749
000029 010750
000030 010751
000031 010752
000032 010753
000033 010754
000034 010755
000035 010756
000036 010757
000037 010758
000038 010759
000039 010760
000040 010761
000041 010762
000042 010763
000043 010764
x6 010207
x7 010208
xx15 010115
yg13 010016
yg12	010040
yg11	010039
yg10	010038
yg09	010037
yg08	010144
yg07	10136
yg06	10135
yg05	010023
yg04	10133
yg03	10138
yg02	10137
yge04	10132
xdt01 10071
xdt02 10072
xdt03 10073
xdt04 10074
xdt05 10075
xdt06 10076
xdt07 10077
xdt08 10078
xdt09 10079
xdt10 10080
xdt11 10081
xdt12 10082
xdt13 10083
xdt14 10084
xdt15 10085
xdt16 10086
xdt17 10087
xdt18 10088
xdt19 10089
xdt19-1 10090
xdt19-2 10091
xdt19-3 10092
xdt19-4 10093
xdt20 10094
xdt21 10095
xdt22 10096
xdt22-1 10097
xdt23 10098
xdt24 10099
xdt25 10100
xdt26 10101
xdt27 10102
xdt28 10103
xdt29 10104
xdt30 10105
xdt31 10106
xdt32 10107
xdt33 10108
xdt34 10109
tdt1 10110
tdt2 10111



